00000000000000000000000000000000000000000000000011110000000000000000000000000001111000000000000000000000000000000000000000000000
00000000111100000000000000000000000000000000001101101111000000000000000000000001111000110000000000000000000000000000000000000000
00001100111100000000000000000000000000000000110000000000000000000000000000000000000000011000000000000000000000000000000000000000
00011000000000000000000000000000000000000000110000000000000000000000000000000000000000000000000000000000000000000000000000000000
00000000000000000000000000000000000000000000000000000000000000000000000000000000000000011000000000000000000000000000000000000000
00110000000000000000000000000000000000000000000000000000000000000000000000000000000000001100000000000000000000000000000000000000
00011000000000000000000000000000000000000011110000000000000000000000000000000000000000001100000000000000000000000000000000000000
00110000000000000000000000000000000000000011110000000000000000000000000000000000000000011000000000000000000000000000000000000000
00110000000000000000000000000000000000000000000000000000000000000000000000000000000000000000000000000000000000000000011110000000
00011000000000000000000000000000000000000000000000000000000000000000000000000000000000000000000000000000000000000000011110011000
00000000000000000000000000000000000000000000000000000000000000000000000000000000000000000000000000000000000000000000000000001100
00000000000000000000000000000000000000000000000000000000000000000000000000000000000000000000000000000000000000000000000000000000
00000000000000000000000000000000000000000000000000000000000000000000000000000000000000000000000000000000000000000000000000001100
00000000000000000000000000000000000000000000000000000000000000000000000000000000000000000000000000000000000000000000000000000110
00000000000000000000000000000000000000000000000000000000000000000000000000000000000000000000000000000000000000000000000000001100
00000000000000000000000000000000000000000000000000000000000000000000000000000000000000000000000000000000000000000000000000001100
00000000000000000000000000000000000000000000000000000000000000000000000000000000000000000000000000000000000000000000000000000110
00000000000000000000000000000000000000000000000000000000000000000000000000000000000000000000000000000000000000000000000000001100
00000000000000000000000000000000000000000000000000000000000000000000000000000000000000000000000000000000000000000000000000001100
00000000000000000000000000000000000000000000000000000000000000000000000000000000000000000000000000000000000000000000000000000000
00000000000000000000000000000000000000000000000000000000000000000000000000000000000000000000000000000000000000000000000000000000
00000000000000000000000000000000000000000000000000000000000000000000000000000000000000000000000000000000000000000000000000000000
00000000000000000000000000000000000000000000000000000000000000000000000000000000000000000000000000000000000000000000000000000000
00000000000000000000000000000000000000000000000000000000000000000000000000000000000000000000000000000000000000000000000000000000
00000000000000000000000000000000000000000000000000000000000000000000000000000000000000000000000000000000000000000000000000000000
00000000000000000000000000000000000000000000000000000000000000000000000000000000000000000000000000000000000000000000000000000000
00000000000000000000000000000000000000000000000000000000000000000000000000000000000000000000000000000000000000000000000000000000
00000000000000000000000000000000000000000000000000000000000000000000000000000000000000000000000000000000000000000000000000000000
00000000000000000000000000000000000000000000000000000000000000000000000000000000000000000000000000000000000000000000000000000000
00000000000000000000000000000000000000000000000000000000000000000000000000000000000000000000000000000000000000000000000000000000
00000000000000000000000000000000000000000000000000000000000000000000000000000000000000000000000000000000000000000000000000000000
00000000000000000000000000000000000000000000000000000000000000000000000000000000000000000000000000000000000000000000000000000000
00000000000000000000000000000000000000000000000000000000000000000000000000000000000000000000000000000000000000000000000000000000
00000000000000000000000000000000000000000000000000000000000000000000000000000000000000000000000000000000000000000000000000000000
00000000000000000000000000000000000000000000000000000000000000000000000000000000000000000000000000000000000000000000000000000000
00000000000000000000000000000000000000000000000000000000000000000000000000000000000000000000000000000000000000000111100000000000
00000000000000000000000000000000000000000000000000000000000000000000000000000000000000000000000000000000000000000111100000000000
00000011000000000000000000000000000000000000000000000000000000000000000000000000000000000000000000000000000000000000000011000000
00000110000000000000000000000000000000000000000000000000000000000000000000000000000000000000000000000000000000000000000001100000
00000011000000000000000000000000000000000000000000000000000000000000000000000000000000000000000000000000000000000000000011000000
00000110000000000000000000000000000000000000000000000000000000000000000000000000000000000000000000000000000000000000000001100000
00000000000000000000000000000000000000000000000000000000000000000000000000000000000000000000000000000000000000000000000011000000
00000110000000000000000000000000000000000000000000000000000000000000000000000000000000000000000000000000000000000000000001100000
00000011000000000000000000000000000000000000000000000000000000000000000000000000000000000000000000000000000000000000000011000000
00000000000000000000000000000000000000000000000000000000000000000000000000000000000000000000000000000000000000000000000000000000
00000000000000000000000000000000000000000000000000000000000000000000000000000000000000000000000000000000000000000000000000000000
00000000000000000000000000000000000000000000000000000000000000000000000000000000000000000000000000000000000000000000000000000000
00000000000000000000000000000000000000000000000000000000000000000000000000000000000000000000000000000000000000000000000000000000
00000000000000000000000000000000000000000000000000000000000000000000000000000000000000000000000000000000000000000000000000000000
00000000000000000000000000000000000000000000000000000000000000000000000000000000000000000000000000000000000000000000000000000000
00000000000000000000000000000000000000000000000000000000000000000000000000000000000000000000000000000000000000000000000000000000
00000000000000000000000000000000000000000000000000000000000000000000000000000000000000000000000000000000000000000000000000000000
00000000000000000000000000000000000000000000000000000000000000000000000000000000000000000000000000000000000000000000000000000000
00000000000000000000000000000000000000000000000000000000000000000000000000000000000000000000000000000000000000000000000000000000
00000000000000000000000000000000000000000000000000000000000000000000000000000000000000000000000000000000000000000000000000000000
00000000000000000000000000000000000000000000000000000000000000000000000000000000000000000000000000000000000000000000000000000000
00000000000000000000000000000000000000000000000000000000000000000000000000000000000000000000000000000000000000000000000000000000
00000000000000000000000000000000000000000000000000000000000000000000000000000000000000000000000000000000000000000000000000000000
00000000000000000000000000000000000000000000000000000000000000000000000000000000000000000000000000000000000000000000000000000000
00000000000000000000000000000000000000000000000000000000000000000000000000000000000000000000000000000000000000000000000000000000
00000000000000000000000000000000000000000000000000000000000000000000000000000000000000000000000000000000000000000000000000000000
00000000000000000000000000000000000000000000000000000000000000000000000000000000000000000000000000000000000000000000000000000000
00000000000000000000000000000000000000000000000000000000000000000000000000000000000000000000000000000000000000000000000000000000
00000000000000000000000000000000000000000000000000000000000000000000000000000000000000000000000000000000000000000000000000000000
00000000000000000000000000000000000000000000000000000000000000000000000000000000000000000000000000000000000000000000000000000000
00000000000000000000000000000000000000000000000000000000000000000000000000000000000000000000000000000000000000000000000000000000
00000000000000000000000000000000000000000000000000000000000000000000000000000000000000000000000000000000000000000000000000000000
00000000000000000000000000000000000000000000000000000000000000000000000000000000000000000000000000000000000000000000000000000000
00000011000000000000000000000000000000000000000000000000000000000000000000000000000000000000000000000000000000000000000000000000
00000011000000000000000000000000000000000000000000000000000000000000000000000000000000000000000000000000000000000000000011000000
00000110000000000000000000000000000000000000000000000000000000000000000000000000000000000000000000000000000000000000000001100000
00000011000000000000000000000000000000000000000000000000000000000000000000000000000000000000000000000000000000000000000000000000
00000110000000000000000000000000000000000000000000000000000000000000000000000000000000000000000000000000000000000000000001100000
00000011000000000000000000000000000000000000000000000000000000000000000000000000000000000000000000000000000000000000000011000000
00000110000000000000000000000000000000000000000000000000000000000000000000000000000000000000000000000000000000000000000001100000
00000000000000000000000000000000000000000000000000000000000000000000000000000000000000000000000000000000000000000000000011000000
00000000000111100000000000000000000000000000000000000000000000000000000000000000000000000000000000000000000000000000000000000000
00000000000111100000000000000000000000000000000000000000000000000000000000000000000000000000000000000000000000000000000000000000
00000000000000000000000000000000000000000000000000000000000000000000000000000000000000000000000000000000000000000000000000000000
00000000000000000000000000000000000000000000000000000000000000000000000000000000000000000000000000000000000000000000000000000000
00000000000000000000000000000000000000000000000000000000000000000000000000000000000000000000000000000000000000000000000000000000
00000000000000000000000000000000000000000000000000000000000000000000000000000000000000000000000000000000000000000000000000000000
00000000000000000000000000000000000000000000000000000000000000000000000000000000000000000000000000000000000000000000000000000000
00000000000000000000000000000000000000000000000000000000000000000000000000000000000000000000000000000000000000000000000000000000
00000000000000000000000000000000000000000000000000000000000000000000000000000000000000000000000000000000000000000000000000000000
00000000000000000000000000000000000000000000000000000000000000000000000000000000000000000000000000000000000000000000000000000000
00000000000000000000000000000000000000000000000000000000000000000000000000000000000000000000000000000000000000000000000000000000
00000000000000000000000000000000000000000000000000000000000000000000000000000000000000000000000000000000000000000000000000000000
00000000000000000000000000000000000000000000000000000000000000000000000000000000000000000000000000000000000000000000000000000000
00000000000000000000000000000000000000000000000000000000000000000000000000000000000000000000000000000000000000000000000000000000
00000000000000000000000000000000000000000000000000000000000000000000000000000000000000000000000000000000000000000000000000000000
00000001111000000000000000000000000000000000000000000000000000000000000000000000000000000000000000000000000000000000000000000000
00011001111000000000000000000000000000000000000000000000000000000000000000000000000000000000000000000000000000000000000000000000
00110000000000000000000000000000000000000000000000000000000000000000000000000000000000000000000000000000000000000000000000000000
00000000000000000000000000000000000000000000000000000000000000000000000000000000000000000000000000000000000000000000000000000000
00110000000000000000000000000000000000000000000000000000000000000000000000000000000000000000000000000000000000000000000000000000
01100000000000000000000000000000000000000000000000000000000000000000000000000000000000000000000000000000000000000000000000000000
00110000000000000000000000000000000000000000000000000000000000000000000000000000000000000000000000000000000000000000000000000000
00110000000000000000000000000000000000000000000000000000000000000000000000000000000000000000000000000000000000000000000000000000
01100000000000000000000000000000000000000000000000000000000000000000000000000000000000000000000000000000000000000000000000000000
00110000000000000000000000000000000000000000000000000000000000000000000000000000000000000000000000000000000000000000000000000000
00110000000000000000000000000000000000000000000000000000000000000000000000000000000000000000000000000000000000000000000000011000
00000000000000000000000000000000000000000000000000000000000000000000000000000000000000000000000000000000000000000000000000001100
00000000000000000000000000000000000000000000000000000000000000000000000000000000000000000000000000000000000000000000000000001100
00000000000000000000000000000000000000011000000000000000000000000000000000000000001111000000000000000000000000000000000000011000
00000000000000000000000000000000000000110000000000000000000000000000000000000000001111000000000000000000000000000000000000001100
00000000000000000000000000000000000000011000000000000000000000000000000000000000000000000000000000000000000000000000000000000000
00000000000000000000000000000000000000110000000000000000000000000000000000000000001100000000000000000000000000000000000000011000
00000000000000000000000000000000000000011000000000000000000000000000000000000000001100000000000000000000000000000000111100110000
00000000000000000000000000000000000000001100000111100000000000000000000001111011011000000000000000000000000000000000111100000000
00000000000000000000000000000000000000000000000111100000000000000000000000000111100000000000000000000000000000000000000000000000
00000000000000000000000000000000000000000000000000000000000000000000000000000000000000000000000000000000000000000000000000000000
