00000000000000000000000000000000000000000000000000000000000000000000000000000000000000000000000000000000000000000000000000000000
00000000000000000000000000000000000000000000000000000000000000000000000000000000000000000000000000000000000000000000000000000000
00000001111000000000000000000000000000000000000001111000000000000000000000000000011110000000000000000000000000000000011110000000
00011001111000000000000000000000000000000000000001111000000000000000000000000000011110000000000000000000000000000000011110011000
00110000000000000000000000000000000000000000110000000000000000000000000000000000000000000000000000000000000000000000000000001100
01100000000000000000000000000000000000000000110000000000000000000000000000000000000000000000000000000000000000000000000000000000
01100000000000000000000000000000000000000000000000000000000000000000000000000000000000000110000000000000000000000000000000000110
00110000000000000000000000000000000000000000110000000000000000000000000000000000000000001100000000000000000000000000000000001100
00000000000000000000000000000000000000000001100000000000000000000000000000000000000000000110000000000000000000000000000000000110
01100000000000000000000000000000000000000000110000000000000000000000000000000000000000001100000000000000000000000000000000001100
00110000000000000000000000000000000000000001100000000000000000000000000000000000000000000000000000000000000000000000000000001100
00000000000000000000000000000000000000000000110000000000000000000000000000000000000000001100000000000000000000000000000000000000
00000000000000000000000000000000000000000000110000000000000000000000000000000000000000001100000000000000000000000000000000000000
00000000000000000000000000000000000000000000011000000000000000000000000000000000000000011000000000000000000000000000000000000000
00000000000000000000000000000000000000000000000000000000000000000000000000000000000000000000000000000000000000000000000000000000
00000000000000000000000000000000000000000000000000000000000000000000000000000000000000000000000000000000000000000000000000000000
00000000000000000000000000000000000000000000000000000000000000000000000000000000000000000000000000000000000000000000000000000000
00000000000000000000000000000000000000000000000000000000000000000000000000000000000000000000000000000000000000000000000000000000
00000000000000000000000000000000000000000000000000000000000000000000000000000000000000000000000000000000000000000000000000000000
00000000000000000000000000000000000000000000000000000000000000000000000000000000000000000000000000000000000000000000000000000000
00000000000000000000000000000000000000000000000000000000000000000000000000000000000000000000000000000000000000000000000000000000
00000000000000000110000000000000000000000000000000000000000000000000000000000000000000000000000000000000000000000000000000000000
00000000000000000000000000000000000000000000000000000000000000000000000000000000000000000000000000000000000000000000000000000000
00000000000000000000000000000000000000000000000000000000000000000000000000000000000000000000000000000000011000000000000000000000
00000000000000000000000011000000000000000000000000000000000000000000000000000000000000000000000000000000000000000000000000000000
00000000000000000000000000000000000000000000000000000000000000000000000000000000000000000000000000000000000000000000000000000000
00000000000000000000000000000000000000000000000000000000000000000000000000000000000000000000000000110000000000000000000000000000
00000000000000000000000000000000000000000000000000000000000000000000000000000000000000000000000000000000000000000000000000000000
00000000000000000000000000000000000000000000000000000000000000000000000000000000000000000000000000000000000000000000000000000000
00000000000000000000000000000000000000000000000000001111000000000000000000000000000000000000000000000000000000000000000000000000
00000000000000000000000000000000000000000000000001111000110000000000000000000000000000000000000000000000000000000000000000000000
00000000000000000000000000000000000000000000000011000000000000000000000000000000000000000000000000000000000000000000000000000000
00000000000000000000000000000000000000000000000011000000000000000000000000000000000000000000000000000000000000000000000000000000
00000000000000000000000000000000000000000000000000000000000000000000000000000000000000000000000000000000000000000000000000000000
00000000000000000000000000000000000000000000001111000000000000000000000000000000000000000000000000000000000000000000000000000000
00000000000000000000000000000000000000000000001111000000000000000000000000000000000000000000000000000000000000000000000000000000
00000000000000000000000000000000000000000000000000000000000000000000000000000000000000000000000000000000000000000000000000000000
00000000000000000000000000000000000000000000000000000000000000000000000000000000000000000000000000000000000000000000000000000000
00000000000000000000000000000000000000000000000000000000000000000000000000000000000000000000000000000000000000000000000000000000
00000000000000000000000000000000000000000000000000000000000000000000000000000000000000000000000000000000000000000000000000000000
00000000000000000000000000000000000000000000000000000000000000000000000000000000000000000000000000000000000000000000000000000000
00000000000000000000000000000000000000000000000000000000000000000000000000000000000000000000000000000000000000000000000000000000
00000000000000000000000000000000000000000000000000000000000000000000000000000000000000000000000000000000000000000000000000000000
00000000000000000000000000000000000000000000000000000000000000000000000000000000000000000000000000000000000000000000000000000000
00000011011110000000000000000000000000000000000000000000000000000000000000000000000000000000000000000000000000000000000000000000
00000110001100000000000000000000000000000000000000000000000000000000000000000000000000000000000000000000000000000000000000000000
00001100000000000000000000000000000000000000000000000000000000000000000000000000000000000000000000000000000000000000000000000000
00001100000000000000000000000000000000000000000000000000000000000000000000000000000000000000000000000000000000000000000000000000
00000000000000000000000000000000000000000000000000000000000000000000000000000000000000000000000000000000000000000000000000000000
00000000000000000000000000000000000000000000000000000000000000000000000000000000000000000011110000000000000000000000011110000000
00111100000000000000000000000000000000000000000000000000000000000000000000000000000000000011110011000000000000000000011110000000
00111100000000000000000000000000000000000000000000000000000000000000000000000000000000000000000001100000000000000000000000000000
00000000000000000000000000000000000000000000000000000000000000000000000000000000000000000000000000000000000000000000000000001100
00000000000000000000000000000000000000000000000000000000000000000000000000000000000000000000000001100000000000000000000000000110
00000000000000000000000000000000000000000000000000000000000000000000000000000000000000000000000000110000000000000000000000001100
00000000000000000000000000000000000000000000000000000000000000000000000000000000000000000000000000110000000000000000000000000110
00000000000000000000000000000000000000000000000000000000000000000000000000000000000000000000000001100000000000000000000000001100
00000000000000000000000000000000000000000000000000000000000000000000000000000000000000000000000001100000000000000000000000000110
00000000000000000000000000000000000000000000000000000000000000000000000000000000000000000000000000000000000000000000000000001100
00000000000000000000000000000000000000000000000000000000000000000000000000000000000000000000000000000000000000000000000000001100
00000000000000000000000000000000000000000000000000000000000000000000000000000000000000000000000000000000000000000000000000011000
00000000000000000000000000000000000000000000000000000000000000000000000000000000000000000000000000000000000000000000000000000000
00000000000000000000000000000000000000000000000000000000000000000000000000000000000000000000000000000000000000000000000000000000
00000000000000000000000000000000000000000000000000000000000000000000000000000000000000000000000000000000000000000000000000000000
00000000000000000000000000000000000000000000000000000000000000000000000000000000000000000000000000000000000000000000000000000000
00000000000000000000000000000000000000000000000000000000000000000000000000000000000000000000000000000000000000000000000000000000
00000000000000000000000000000000000000000000000000000000000000000000000000000000000000000000000000000000000000000000000000000000
00000000000000000000000000000000000000000000000000000000000000000000000000000000000000000000000000000000000000000000000000000000
00000000000000000000000000000000000000000000000000000000000000000000000000000000000000000000000000000000000000000000000000000000
00000001111000000000000000000000000000000000000000000000000000000000000000000000000000000000000000000000000000000000000000000000
00000001111000000000000000000000000000000000000000000000000000000000000000000000000000000000000000000000000000000000000000000000
00000000000000000000000000000110000000000000000000000000000000000000000000000000000000000000000000000000000000000000000000000000
00110000000000000000000000001100000000000000000000000000000000000000000000000000000000000000000000000000000000000000000000000000
00000000000000000000000000001100000000000000000000000000000000000000000000000000000000000000000000000000000000000000000000000000
00110000000000000000000000000110000000000000000000000000000000000000000000000000000000000000000000000000000000000000000000000000
01100000000000000000000000001100000000000000000000000000000000000000000000000000000000000000000000000000000000000000000000000000
00110000000000000000000000000000000000000000000000000000000000000000000000000000000000000000000000000000000000000000000000000000
01100000000000000000000000000110000000000000000000000000000000000000000000000000000000000000000000000000000000000000000000000000
00110000000000000000000000000011001111000000000000000000000000000000000000000000000000000000000000000000000000000000000000111100
00110000000000000000000000000000001111000000000000000000000000000000000000000000000000000000000000000000000000000000000000111100
00011110000000000000000000000000000000000000000000000000000000000000000000000000000000000000000000000000000000000000000000000000
00000000000000000000000000000000000000000000000000000000000000000000000000000000000000000000000000000000000000000000000000000000
00000000000000000000000000000000000000000000000000000000000000000000000000000000000000000000000000000000000000000000000000110000
00000000000000000000000000000000000000000000000000000000000000000000000000000000000000000000000000000000000000000000000000110000
00000000000000000000000000000000000000000000000000000000000000000000000000000000000000000000000000000000000000000000110001100000
00000000000000000000000000000000000000000000000000000000000000000000000000000000000000000000000000000000000000000001111011000000
00000000000000000000000000000000000000000000000000000000000000000000000000000000000000000000000000000000000000000000000000000000
00000000000000000000000000000000000000000000000000000000000000000000000000000000000000000000000000000000000000000000000000000000
00000000000000000000000000000000000000000000000000000000000000000000000000000000000000000000000000000000000000000000000000000000
00000000000000000000000000000000000000000000000000000000000000000000000000000000000000000000000000000000000000000000000000000000
00000000000000000000000000000000000000000000000000000000000000000000000000000000000000000000000000000000000000000000000000000000
00000000000000000000000000000000000000000000000000000000000000000000000000000000000000000000000000000000000000000000000000000000
00000000000000000000000000000000000000000000000000000000000000000000000000000000000000000000000000000000000000000000000000000000
00000000000000000000000000000000000000000000000000000000000000000000000000000011110000000000000000000000000000000000000000000000
00000000000000000000000000000000000000000000000000000000000000000000000000000011110000000000000000000000000000000000000000000000
00000000000000000000000000000000000000000000000000000000000000000000000000000000000000000000000000000000000000000000000000000000
00000000000000000000000000000000000000000000000000000000000000000000000000000001100000000000000000000000000000000000000000000000
00000000000000000000000000000000000000000000000000000000000000000000000000000011000000000000000000000000000000000000000000000000
00000000000000000000000000000000000000000000000000000000000000000000001100011110000000000000000000000000000000000000000000000000
00000000000000000000000000000000000000000000000000000000000000000000000011110000000000000000000000000000000000000000000000000000
00000000000000000000000000000000000000000000000000000000000000000000000000000000000000000000000000000000000000000000000000000000
00000000000000000000000011000000000000000000000000000000000000000000000000000000000000000000000000000000000000000000000000000000
00000000000000000000000000000000000000000000000000000000000000000000000000000000000000000000000000000000000000000000000000000000
00000000000000000000000000000000000000000000000000000000000000000000000000000000000000000000000000000000001100000000000000000000
00000000000000000000000000000000000000000000000000000000000000000000000000000000000000000000000000000000000000000000000000000000
00000000000000000000000000000000000000000000000000000000000000000000000000000000000000000000000000000000000000000000000000000000
00000000000000000000110000000000000000000000000000000000000000000000000000000000000000000000000000000000000000000000000000000000
00000000000000000000000000000000000000000000000000000000000000000000000000000000000000000000000000000000000000000000000000000000
00000000000000000000000000000000000000000000000000000000000000000000000000000000000000000000000000000000000000110000000000000000
00000000000000000000000000000000000000000000000000000000000000000000000000000000000000000000000000000000000000000000000000000000
00000000000000000000000000000000000000000000000000000000000000000000000000000000000000000000000000000000000000000000000000000000
00000000000000000000000000000000000000000000000000000000000000000000000000000000000000000000000000000000000000000000000000000000
00000000000000000000000000000000000000000000000000000000000000000000000000000000000000000000000000000000000000000000000000000000
00000000000000000000000000000000000000000000000000000000000000000000000000000000000000000000000000000000000000000000000000000000
00000000000000000000000000000000000000000000000000000000000000000000000000000111100000000000000000000000000000000000000000000000
00000000000000000000000000000000000000110000000000000000000000000000000000000111100000000000000000000000000000000000000000000000
00000000000000000000000000000000000000000000000000000000000000000000000000000000000000000000000000000000000000000000000000000000
00110000000000000000000000000000000000110000000000000000000000000000000000000000000011000000000000000000000000000000000000001100
01100000000000000000000000000000000001100000000000000000000000000000000000000000000001100000000000000000000000000000000000001100
00110000000000000000000000000000000000110000000000000000000000000000000000000000000011000000000000000000000000000000000000000110
00000000000000000000000000000000000001100000000000000000000000000000000000000000000011000000000000000000000000000000000000001100
00110000000000000000000000000000000001100000000000000000000000000000000000000000000001100000000000000000000000000000000000000110
01100000000000000000000000000000000000110000000000000000000000000000000000000000000011000000000000000000000000000000000000000000
00110000000000000000000000000000000000000000000000000000000000000000000000000000000001100000000000000000000000000000000000001100
00011001111000000000000000000000000000000001111000000000000000000000000000000000000011000000000000000000000000000000011110011000
00000001111000000000000000000000000000000001111000000000000000000000000000000000000110000000000000000000000000000000011110000000
00000000000000000000000000000000000000000000000000000000000000000000000000000000000000000000000000000000000000000000000000000000
00000000000000000000000000000000000000000000000000000000000000000000000000000000000000000000000000000000000000000000000000000000
