111111111111111111111111111111111111111111111111111111111111111111111111111111111111111111111111111111111111111111111111111111111111111111111111111111111111111111111111
111111111111111111111111111111111111111111111111111111111111111111111111111111111111111111111111111111111111111111111111111111111111111111111111111111111111111111111111
111111111111111111111111111111111111111111111111111111111111111111111111111111111111111111111111111111111111111111111111111111111111111111111111111111111111111111111111
111111111111111111111111111111111111111111111111111111111111111111111111111111111111111111111111111111111111111111111111111111111111111111111111111111111111111111111111
111111111111111111111111111111111111111111111111111111111111111111111111111111111111111111111111111111111111111111111111111111111111111111111111111111111111111111111111
111111111111111111111111111111111111111111111111111111111111111111111111111111111111111111111111111111111111111111111111111111111111111111111111111111111111111111111111
111111111111111111111111111111111111111111111111111111111111111111111111111111111111111111111111111111111111111111111111111111111111111111111111111111111111111111111111
111111111111111111111111111111111111111111111111111111111111111111111111111111111111111111111111111111111111111111111111111111111111111111111111111111111111111111111111
111111111111111111111111111111111111111111111111111111111111111111111111111111111111111111111111111111111111111111111111111111111111111111111111111111111111111111111111
111111111111111111111111111111111111111111111111111111111111111111111111111111111111111111111111111111111111111111111111111111111111111111111111111111111111111111111111
111111111111111111111111111111111111111111111111111111111111111111111111111111111111111111111111111111111111111111111111111111111111111111111111111111111111111111111111
111111111111111111111111111111111111111111111111111111111111111111111111111111111111111111111111111111111111111111111111111111111111111111111111111111111111111111111111
111111111111111111111111111111111111111111111111111111111111111111111111111111111111111111111111111111111111111111111111111111111111111111111111111111111111111111111111
111111111111111111111111111111111111111111111111111111111111111111111111111111111111111111111111111111111111111111111111111111111111111111111111111111111111111111111111
111111111111111111111111111111111111111111111111111111111111111111111111111111111111111111111111111111111111111111111111111111111111111111111111111111111111111111111111
111111111111111111111111111111111111111111111111111111111111111111111111111111111111111111111111111111111111111111111111111111111111111111111111111111111111111111111111
111111111111111111111111111111111111111111111111111111111111111111111111111111111111111111111111111111111111111111111111111111111111111111111111111111111111111111111111
111111111111111111111111111111111111111111111111111111111111111111111111111111111111111111111111111111111111111111111111111111111111111111111111111111111111111111111111
111111111111111111111111111111111111111111111111111111111111111111111111111111111111111111111111111111111111111111111111111111111111111111111111111111111111111111111111
111111111111111111111111111111111111111111111111111111111111111111111111111111111111111111111111111111111111111111111111111111111111111111111111111111111111111111111111
111111111111111111111111111111111111111111111111111111111111111111111111111111111111111111111111111111111111111111111111111111111111111111111111111111111111111111111111
111111111111111111111111111111111100111111001111111111111111111100111111001111111111111111111111001111110011111111111111111111001111110011111111111111111111111111111111
111111111111111111111111111111111000011110000111111111111111111000011110000111111111111111111110000111100001111111111111111110000111100001111111111111111111111111111111
111111111111111111111111111111110000000000000000111100111111000000000000000000111111111111110000000000000000001111111111110000000000000000001111111111111111111111111111
111111111111111111111111111111100000000000000000011000011110000000000000000000011111111111100000000000000000000111111111100000000000000000000111111111111111111111111111
111111111111111111111111111111000000000000000000000000001110000000000000000000011111111111100000000000022200000011111111000000222000000000000011111111111111111111111111
111111111111111111111111111110000000000000022200000000000110000000000002220000011111111111100000000220022200000001111110000000222002200000000001111111111111111111111111
111111111111111111111111111100000000000220022200000000000100000000022002220000000011111111000000220022022200000001111110000000222022002200000001111111111111111111111111
111111111111111111111111111000000000220022022200000000001100000022002202220000000001111110000002200000000000000001111111000000000000000220000011111111111111111111111111
111111111111111111111111111000000002200000000000000000011000000220000000000000000001111110000022000000000002220000111111100000000000000022000111111111111111111111111111
111111111111111111111111111100000022000000000000000000011000002200000000000222000011111111000000000000000002220000011111100000000000000000000111111111111111111111111111
111111111111111111111111111110000000000000000000000000001100000000000000000222000111111111100022000000000002220000011111100000000000000022000111111111111111111111111111
111111111111111111111111111110000022000000000000000000000100002200000000000222000111111111100220000000000000000000011111100000000000000002200111111111111111111111111111
111111111111111111111111111110000220000000000000000000000100022000000000000000000011111111000022000000000000000000011111000000000000000022000011111111111111111111111111
111111111111111111111111111110000022000000000000000000001100002200000000000000000001111110000000000000000000000000111110000000000000000000000001111111111111111111111111
111111111111111111111111111100000000000000000000000000011100000000000000000000000001111110000000000000000000000001111110000000000000000022200001111111111111111111111111
111111111111111111111111111000000222000000000000000000011111200000000000000000000011111110000000000000000000000001111111000000000000000022200011111111111111111111111111
111111111111111111111111111000000222000000000000000000011112220000000000000000011111111110000000000000000000000001111111100000000000000022200111111111111111111111111111
111111111111111111111111111100000222000000000000000000011122210000000000000000011111111110000000000000000000000011011111122000000000000000000111111111111111111111111111
111111111111111111111111111110000000000000000000000000002222110000000000000000000011110000000000000000000000011110000111122200000000000000000111111111111111111111111111
111111111111111111111111111110000000000000000000000000002221110000000000000000000001100000000000000000000002211110000011222220000000000000000111111111111111111111111111
111111111111111111111111111110000000000000000000000000000221100000000000000000000000000000000000000000000022211110000012222222000000000000000111111111111111111111111111
111111111111111111111111111110000000000000000000000000000001110000000000000000000000000000000000000000000222221100000022222222000000000000001111111111111111111111111111
111111111111111111111111111100000000000000000000000000000000111001100000000000000000000000000000000000002222222100000002222211100001111000011111111111111111111111111111
111111111111111111111111111000000000000000000000000000000000011111111110000000000000000000000000000000022222222200000000222111110011111100111111111111111111111111111111
111111111111111111111111111000000000000000000000000000000000011111111111000000000000000000000000000000222222222000000000021111111111111111111111111111111111111111111111
111111111111111111111111111100000000000000000000000000000000111111111111000000000000000000000000000000222222220000000000000011111111111111111111111111111111111111111111
111111111111111111111111111110000000000000000000000000000001111111111110000000000000000000000000000001112222200000000000000000111111111111111111111111111111111111111111
111111111111111111111111111111000000000000000000000000000011111111111000000000000000000000000000000011111222000000000000000000011111111111111111111111111111111111111111
111111111111111111111111111111100000000000000000000000011111111111111000000000000000000001111000000110011120000000000000000000001111111111111111111111111111111111111111
111111111111111111111111111111110000000000000000000000011111111111111000000000000000000221111100001100000000000000000000000000001111111111111111111111111111111111111111
111111111111111111111111111111111000011110000111100000011111111111100000000000000000002221111111111000000000000000000000000000011111111111111111111111111111111111111111
111111111111111111111111111111111100111111001111110000111111111112220000000000000000022222110000022000000000000000000000021110011111111111111111111111111111111111111111
111111111111111111111111111111111111111111111111111111111111022112220000000000000000222222210000002200000000000000000000222111110011111100111111111111111111111111111111
111111111111111111111111111111111111111111111111111000000122002202220000000000000000222222220000000220000000000000000002222211100001111000011111111111111111111111111111
111111111111111111111111111111111111111111111111110000000220000000000000000000000001112222200000002200000000000000000022222222000000000000000011111111111111111111111111
111111111111111111111111111111111111111111111111100000002200000000000000000000000011111222000000022000000000000000000222222222000000000000000001111111111111111111111111
111111111111111111111111111111111111111111111111100000000000000000000000000001111111111120000000002200000000000000002222222220000000000000000001111111111111111111111111
111111111111111111111111111111111111111111111111100000002200000000000000000001111111110000000000000220000000000000001222222200000000222000000011111111111111111111111111
111111111111111111111111111111111111111111111111100000022000000000000000000001111111100000000000000022000000000000001122222000000000222000000111111111111111111111111111
111111111111111111111111111111111111111111111111110000002200000000000000000001111111100000000000000021100000000000001112220000000000222000000111111111111111111111111111
111111111111111111111111111111111111111111111111111000000000000000000000000001111111000000000000000011110000000000000112200000000000000000000111111111111111111111111111
111111111111111111111111111111111111111111111111111000022200000000000000000011111111000000000000000011110000000000000110000000000000000022200111111111111111111111111111
111111111111111111111111111111111100001111111111111000022200000000000000000111111111000000000000000001100000000000001100000000000000000022200011111111111111111111111111
111111111111111111111111111111111000000110011111111000022200000000000000000111111111112000000000000000000000000000001000000000000000000022200001111111111111111111111111
111111111111111111111111111111000000000000000011111000000000000000000000000000001111122200000000000000000000000000001000000000000000000000000001111111111111111111111111
111111111111111111111111111110000000000000000011111100000000000000000000000000000111222220000000000000000000000000001100000000000000000022000011111111111111111111111111
111111111111111111111111111110000000000000000111111111100000000000000000000000000022222222000000000000000000000000001110000000000000000002200111111111111111111111111111
111111111111111111111111111110000000000022200111111111122000000000000000000000000022222222200000000000000000000002111110000000000000000022000111111111111111111111111111
111111111111111111111111111100000000220022200011111111122200000000000000000000000002222222220000000000000000000022211110000000000000000000000111111111111111111111111111
111111111111111111111111111000000220022022200001111011222220000000000110000000000000222222210000000000000000000222221110000000000000000022000111111111111111111111111111
111111111111111111111111111000002200000000000001110012222222000000001111000000000000022222110000000000000000002222222200000000000000000220000011111111111111111111111111
111111111111111111111111111000022000000000000001100022222222200000001111000000000000002221111000000000000000022222222200000000000022002200000001111111111111111111111111
111111111111111111111111110000000000000000000000000002222222220000000110000000000000000221111000000000000000222222222000000000000002200000000001111111111111111111111111
111111111111111111111111110000022000000000000000000000222222220000001110000000000000000001111000000000000000122222220000000000000000000000000011111111111111111111111111
111111111111111111111111111000220000000000000000000000022222111000011110000000000000000000001100000000000000112222200000000000000000000000011111111111111111111111111111
111111111111111111111111111000022000000000000000000000002221111100111110000000000000000000000120111000000001111222000000000000011000000000011111111111111111111111111111
111111111111111111111111110000000000000000000000000000000211100111111100000000000000000000000121111101110001111220000000000000111100000000011111111111111111111111111111
111111111111111111111111100000222000000000000002000000000000000000111100000000000000000000022111101101011001111000000000000000111100000000111111111111111111111111111111
111111111111111111111111100000222000000000000002200000000000000000111110000000000000000000222111000010011112110000000000000000011111100001111111111111111111111111111111
111111111111111111111111110000222000000000000000220000000000000000001112200000000000000002222211000000002222100000000000000000011111110011111111111111111111111111111111
111111111111111111111111111000000000000000000000020000000000000000001112220000000000000022222221000000000000100000000000000000000011111111111111111111111111111111111111
111111111111111111111111111000000000000000000000220000000000000000001122222000000000000222222222000000000000110000000000000000000001111111111111111111111111111111111111
111111111111111111111111110000000000000000000002200000000000000000001222222200000000002222222220000000000000011000000000000000000000111111111111111111111111111111111111
111111111111111111111111110000000000000000000002000000000000000000002222222220000000002222222200000000000000011220000000000000000000111111111111111111111111111111111111
111111111111111111111111111110000000000000000000000000000000000000000222222222000000011122222000000000000000111222000000000000000001111111111111111111111111111111111111
111111111111111111111111111110000000000000000000000000000000000000000022222222000000011112220000000000000000112222200000000000000221111110011111111111111111111111111111
111111111111111111111111111110000000000000000000000000000000000000000002222211100000011111200000000000000000122222220000000000002221111000011111111111111111111111111111
111111111111111111111111111110000000000000000000000000000000000000000000222111110000011100000000000000000000222222222000000000022222110000011111111111111111111111111111
111111111111111111111111111100000000000000000000000000000000000000000000021111111110011110000000000000000000022222222200000000222222210000001111111111111111111111111111
111111111111111111111111111100000000000211100111100000000000000000000000000011111111111110000000000000000000002222222200000002222222220000001111111111111111111111111111
111111111111111111111111111110000000002221111100111100000000000000000000000001111111111100000000000000000000000222221110000022222222200000011111111111111111111111111111
111111111111111111111111111110000000022222111000011111200000000000000000000001111111111110000000000000000000000022211110000022222222000000011111111111111111111111111111
111111111111111111111111111110000000222222220000011112220000000000000000000000011111111111100000000000000000000002111110000111222220000000011111111111111111111111111111
111111111111111111111111111110000002222222220000011122222000000000000000000000001111111111100000000000000000000000001111001111122200000000011111111111111111111111111111
111111111111111111111111111100000022222222200000002222222200000000000000000000011111111111110000000000000000000000000001111001112000000000001111111111111111111111111111
111111111111111111111111111100000012222222000000002222222220000000000000000000011110011111111120000000000000000000000000000000000000000000001111111111111111111111111111
111111111111111111111111111110000011222220000000000222222222000000000000000000001110000011111222000000000000000000000000000000000000000000011111111111111111111111111111
111111111111111111111111111110000111122200000000000022222221000000000000000002111110000001112222200000000000000000000000000000000000000000011111111111111111111111111111
111111111111111111111111111110011111122000000000000002222211000000000000000022211110000000222222220000000000000000000000000000000000000000011111111111111111111111111111
111111111111111111111111111111111111100000000000000000222111000000000000000222221110000000222222222000000000000000000000000000000000000000011111111111111111111111111111
111111111111111111111111111111111111000000000000000000022110000000000000002222222200000000022222222200000000000000000000200000000000000000000011111111111111111111111111
111111111111111111111111111111111111000000000000000000000110000000000000022222222200000000002222222100000000000000000002200000000000000000000011111111111111111111111111
111111111111111111111111111111111111100000000000000000000011000000000000222222222000000000000222221100000000000000000022000000000000000000000111111111111111111111111111
111111111111111111111111111111111111110000000000000000000001000000000000122222220000000000000022211100000000000000000020000000000000000000000111111111111111111111111111
111111111111111111111111111111110011111110000000000000000001222200000000112222200000000000000002211100000000000000000022000000000000000222000011111111111111111111111111
111111111111111111111111111111100001111110000000000000000011211110010000111222000000000000000000011111000000000000000002200000000000000222000001111111111111111111111111
111111111111111111111111111111000000001111000000000000000111100110101101111220000000000000000000001111000000000000000000200000000000000222000001111111111111111111111111
111111111111111111111111111110000000001111000000000000022111100011101111121000000000000000000000001111111001112000000000000000000000000000000011111111111111111111111111
111111111111111111111111111110000000000110000000000000222111100000000111021000000000000000000000011111001111122200000000000000000000000220000111111111111111111111111111
111111111111111111111111111110000000000000000000000002222211000000000000001100000000000000000000011110000111222220000000000000000000000022000111111111111111111111111111
111111111111111111111111110000000000000000000000000022222221000000000000000111100000000000000000011100000022222222000000000000000000000220000011111111111111111111111111
111111111111111111111111100000000002200000000000000222222222000000000000000111122000000000000000011000000022222222200000000000000000000000000011111111111111111111111111
111111111111111111111111100000002200220000000000002222222220000000000000000111122200000000000000111100000002222222220001100000000000000220000111111111111111111111111111
111111111111111111111111110000022000000000000000002222222200000000000000000011222220000000000000111100000000222222210011100000000000002200000111111111111111111111111111
111111111111111111111111111000220000000000000000011122222000000000000000000012222222000000000000011000000000022222110111100002220220022000000111111111111111111111111111
111111111111111111111111111000000000000000000000011112220000000000000000000022222222200000000000000000000000002221111111110002220022000000001111111111111111111111111111
111111111111111111111111111000220000000000000000011111200000000000000000000002222222220000000000000000000000000221111111111002220000000000011111111111111111111111111111
111111111111111111111111111002200000000000000000011100000000000000000000000000222222220000000000000000000000000001111111111000000000000000011111111111111111111111111111
111111111111111111111111110000220000000000000000001100000000000000000000000000022222111000000000000000000000000000001111110000000000000000011111111111111111111111111111
111111111111111111111111100000000000000000000000000100000000000000000000000000002221111100000000000000000000000000000111110000000000000000111111111111111111111111111111
111111111111111111111111100002220000000000000000000100000000000000000000000000000211111111111000000000000000002220000111111110011000000111111111111111111111111111111111
111111111111111111111111110002220000000000000000001100000000000001100000000000000000111111111000000000000000002220000111111111111100001111111111111111111111111111111111
111111111111111111111111111002220000000000000000011000000000000011110000000000000000111111110000000000000000002220000111111111111111111111111111111111111111111111111111
111111111111111111111111111000000000000000000002211000000000000011110000000000000000111111100000000000000000000000000111111111111111111111111111111111111111111111111111
111111111111111111111111111000000222000000000022211100000000000001120000000000000001111111100000000000000000002200000011111111111111111111111111111111111111111111111111
111111111111111111111111111000000222000000000222221100000000000000220000000000000001111111100000000000000000000220000001111111111111111111111111111111111111111111111111
111111111111111111111111110000000222000000002222222100000000000000022000000000000011111111100000000000000000002200000001111111111111111111111111111111111111111111111111
111111111111111111111111100000000000000000022222222200000000000000002200000000021111111111100000000000000000000000000001111111111111111111111111111111111111111111111111
111111111111111111111111100000000000000000222222222000000000000000000220000000222111110000000000000000000000002200000001111111111111111111111111111111111111111111111111
111111111111111111111111110000000000000000222222220000000000000000002200000002222211100000000000000000000000022000000011111111111111111111111111111111111111111111111111
111111111111111111111111111110000111100001112222200000000000000000022000000022222222000000000000000022202200221000000111111111111111111111111111111111111111111111111111
111111111111111111111111111111001111110011111222000000000000000000002200000012222222000000000000000022211220111111111111111111111111111111111111111111111111111111111111
111111111111111111111111111111111111111110011120000000000000000000000220000011222220000000000000000022211111111111000011111100111111001111111111111111111111111111111111
111111111111111111111111111111111111111110000000000000000000000000000111111111122200000000000000000001111111111110000001111000011110000111111111111111111111111111111111
111111111111111111111111111111111111111100000000000000000000000000001100001111122000000000000000000111111111111110000000000000000000000011111111111111111111111111111111
111111111111111111111111111111111111111100000000000000000000021110011000000111100000000000000000000111111111111110000000000000000000000001111111111111111111111111111111
111111111111111111111111111111111111111110000000000000000000222111110000000000000000000000000000000111111111110000000000000000000000000000111111111111111111111111111111
111111111111111111111111111111111111111111000000000000000002222211100000000000000000000000000000011111111111100000000000000000000000000000011111111111111111111111111111
111111111111111111111111111111111111111111110000000000000022222222000000000000000000000000000000111111111111000000000000000000000000000000001111111111111111111111111111
111111111111111111111111111111111111111111111120000000000222222222000000000000000000000000000000111111111110000000000000000000000000000000000111111111111111111111111111
111111111111111111111111111111001111110011111222000000002222222220000000000000000000000000000000011111111110000000000000000000000000000000000111111111111111111111111111
111111111111111111111111111110000111100001112222200000001222222200000000000000000000000000000000000001100111000000000000000000000000000000001111111111111111111111111111
111111111111111111111111111100000000000000222222220000001122222000000000000000000000000000000000000000000011100000000000000000000000000000011111111111111111111111111111
111111111111111111111111111000000000000000222222210000011112220000000000000000000000000000000000000000000001122000000000000000000000000000011111111111111111111111111111
111111111111111111111111111000000000000000022222110000011112200000000000000000000001100000000000000000000011122200000000000000000000000000011111111111111111111111111111
111111111111111111111111111000000000000000002221111000011110000000000000000000000011110000000000000000000011222200000000000000000000000000011111111111111111111111111111
111111111111111111111111111000000000000000000221111110110000000000000000000000011111111110000000000000000012221110000000000000000000222000001111111111111111111111111111
111111111111111111111111111002220000000000000001111111100000000000000000000000011111111110000000000000000022211110000000000000000000222000000111111111111111111111111111
111111111111111111111111110002220000000000000000111111100000000000000000000000011111110000000000000000000002111110000000000000000000222000000111111111111111111111111111
111111111111111111111111100002220000000000000000011111100000000000000000000000011111100000000000000000000000001110000000000000000000000000001111111111111111111111111111
111111111111111111111111100000000000000000000000011111000000000000000000000000011111100000000000000000002200001100000000000000000000220000011111111111111111111111111111
111111111111111111111111110000220000000000000000111110000000000000000000220000111111110000000000000000000220001000000000000000000000022000011111111111111111111111111111
111111111111111111111111111002200000000000000001111110000000000000000000022001111111111000222000000000002200001000000000000000000000220000011111111111111111111111111111
111111111111111111111111111000220000000000000001111110000022200000000000220001111111111000222000000000000000001100000000000000000000000000011111111111111111111111111111
111111111111111111111111111000000000000000000001111110000022200000000000000000111111110000222000000000002200000110000000000000000000220000001111111111111111111111111111
111111111111111111111111111000220000000000000001111111000022200000000000220000011111100000000000000000022000000110000000000000000002200000000111111111111111111111111111
111111111111111111111111110000022000000000000000111111100000000000000002200000011111100000000022202200220000001100000000002220220022000000000111111111111111111111111111
111111111111111111111111100000002200220222000000011111100000002220220022000000111111110000000022200220000000001000000000002220022000000000001111111111111111111111111111
111111111111111111111111100000000002200222000000011111100000002220022000000001111111111110000022200000000000011000000000002220000000000000011111111111111111111111111111
111111111111111111111111110000000000000222000000111111110000002220000000000001111111111110000000000000000000011100000000000000000000000000111111111111111111111111111111
111111111111111111111111111000000000000000000001111111111000000000000000000001111111111110000000000000000000011110000110000000000000000001111111111111111111111111111111
111111111111111111111111111100000000000000000011111111111100000000000000000011111111111111000000000000000000111111001111000000000000000011111111111111111111111111111111
111111111111111111111111111111100001111000011111111111111111100001111000011111111111111111111000011110000111111111111111111000011110000111111111111111111111111111111111
111111111111111111111111111111110011111100111111111111111111110011111100111111111111111111111100111111001111111111111111111100111111001111111111111111111111111111111111
111111111111111111111111111111111111111111111111111111111111111111111111111111111111111111111111111111111111111111111111111111111111111111111111111111111111111111111111
111111111111111111111111111111111111111111111111111111111111111111111111111111111111111111111111111111111111111111111111111111111111111111111111111111111111111111111111
111111111111111111111111111111111111111111111111111111111111111111111111111111111111111111111111111111111111111111111111111111111111111111111111111111111111111111111111
111111111111111111111111111111111111111111111111111111111111111111111111111111111111111111111111111111111111111111111111111111111111111111111111111111111111111111111111
111111111111111111111111111111111111111111111111111111111111111111111111111111111111111111111111111111111111111111111111111111111111111111111111111111111111111111111111
111111111111111111111111111111111111111111111111111111111111111111111111111111111111111111111111111111111111111111111111111111111111111111111111111111111111111111111111
111111111111111111111111111111111111111111111111111111111111111111111111111111111111111111111111111111111111111111111111111111111111111111111111111111111111111111111111
111111111111111111111111111111111111111111111111111111111111111111111111111111111111111111111111111111111111111111111111111111111111111111111111111111111111111111111111
111111111111111111111111111111111111111111111111111111111111111111111111111111111111111111111111111111111111111111111111111111111111111111111111111111111111111111111111
111111111111111111111111111111111111111111111111111111111111111111111111111111111111111111111111111111111111111111111111111111111111111111111111111111111111111111111111
111111111111111111111111111111111111111111111111111111111111111111111111111111111111111111111111111111111111111111111111111111111111111111111111111111111111111111111111
111111111111111111111111111111111111111111111111111111111111111111111111111111111111111111111111111111111111111111111111111111111111111111111111111111111111111111111111
111111111111111111111111111111111111111111111111111111111111111111111111111111111111111111111111111111111111111111111111111111111111111111111111111111111111111111111111
111111111111111111111111111111111111111111111111111111111111111111111111111111111111111111111111111111111111111111111111111111111111111111111111111111111111111111111111
111111111111111111111111111111111111111111111111111111111111111111111111111111111111111111111111111111111111111111111111111111111111111111111111111111111111111111111111
111111111111111111111111111111111111111111111111111111111111111111111111111111111111111111111111111111111111111111111111111111111111111111111111111111111111111111111111
111111111111111111111111111111111111111111111111111111111111111111111111111111111111111111111111111111111111111111111111111111111111111111111111111111111111111111111111
111111111111111111111111111111111111111111111111111111111111111111111111111111111111111111111111111111111111111111111111111111111111111111111111111111111111111111111111
111111111111111111111111111111111111111111111111111111111111111111111111111111111111111111111111111111111111111111111111111111111111111111111111111111111111111111111111
111111111111111111111111111111111111111111111111111111111111111111111111111111111111111111111111111111111111111111111111111111111111111111111111111111111111111111111111
111111111111111111111111111111111111111111111111111111111111111111111111111111111111111111111111111111111111111111111111111111111111111111111111111111111111111111111111
111111111111111111111111111111111111111111111111111111111111111111111111111111111111111111111111111111111111111111111111111111111111111111111111111111111111111111111111
111111111111111111111111111111111111111111111111111111111111111111111111111111111111111111111111111111111111111111111111111111111111111111111111111111111111111111111111
111111111111111111111111111111111111111111111111111111111111111111111111111111111111111111111111111111111111111111111111111111111111111111111111111111111111111111111111
111111111111111111111111111111111111111111111111111111111111111111111111111111111111111111111111111111111111111111111111111111111111111111111111111111111111111111111111
111111111111111111111111111111111111111111111111111111111111111111111111111111111111111111111111111111111111111111111111111111111111111111111111111111111111111111111111
111111111111111111111111111111111111111111111111111111111111111111111111111111111111111111111111111111111111111111111111111111111111111111111111111111111111111111111111
111111111111111111111111111111111111111111111111111111111111111111111111111111111111111111111111111111111111111111111111111111111111111111111111111111111111111111111111
111111111111111111111111111111111111111111111111111111111111111111111111111111111111111111111111111111111111111111111111111111111111111111111111111111111111111111111111
111111111111111111111111111111111111111111111111111111111111111111111111111111111111111111111111111111111111111111111111111111111111111111111111111111111111111111111111
111111111111111111111111111111111111111111111111111111111111111111111111111111111111111111111111111111111111111111111111111111111111111111111111111111111111111111111111
111111111111111111111111111111111111111111111111111111111111111111111111111111111111111111111111111111111111111111111111111111111111111111111111111111111111111111111111
111111111111111111111111111111111111111111111111111111111111111111111111111111111111111111111111111111111111111111111111111111111111111111111111111111111111111111111111
111111111111111111111111111111111111111111111111111111111111111111111111111111111111111111111111111111111111111111111111111111111111111111111111111111111111111111111111
111111111111111111111111111111111111111111111111111111111111111111111111111111111111111111111111111111111111111111111111111111111111111111111111111111111111111111111111
