00000000000000000000000000000000000000000000000000000000000000000000000000000000000000000000000000000000000000000000000000000000
00110000000000111100000000000000000000000000000000000000000000000000000000000000000000000000000000000000000000111100000000001100
01100000000000111100000000000000000000000000000000000000000000000000000000000000000000000000000000000000000000111100000000000110
00110000000000000000000000000000000000000000000000000000000000000000000000000000000000000000000000000000000000000000000000001100
00110000000000000000000000000000000000000000000000000000000000000000000000000000000000000000000000000000000000000000000000001100
01100000000000000000000000000000000000000000000000000000000000000000000000000000000000000000000000000000000000000000000000000110
00000000000000000000000000000000000000000000000000000000000000000000000000000000000000000000000000000000000000000000000000000000
01100000000000000000000000000000000000000000000000000000000000000000000000000000000000000000000000000000000000000000000000000110
01100000000000000000000000000000000000000000000000000000000000000000000000000000000000000000000000000000000000000000000000000110
00110000000000000000000000000000000000000000000000000000000000000000000000000000000000000000000000000000000000000000000000001100
00000000000000000000000000000000000000000000000000000000110000000000001100000000000000000000000000000000000000000000000000000000
00000000000000000000000000000000000000000000000000000000011000000000011000000000000000000000000000000000000000000000000000000000
00000000000000000000000000000000000000000000000000000000000000000000000000000000000000000000000000000000000000000000000000000000
00000000000000000000000000000000000000000000000000000000001111111111110000000000000000000000000000000000000000000000000000000000
00000000000000000000000000000000000000000000000000000000000000111100000000000000000000000000000000000000000000000000000000000000
00000000000000000000000000000000000000000000000000000000000000000000000000000000000000000000000000000000000000000000000000000000
00000000000000000000000000000000000000000000000000000000000000000000000000000000000000000000000000000000000000000000000000000000
00000000000000000000000000000000000000000000000000000000000000000000000000000000000000000000000000000000000000000000000000000000
00000000000000000000000000000000000000000000000000000000000000000000000000000000000000000000000000000000000000000000000000000000
00000000000000000000000000000000000000000000000000000000000000000000000000000000000000000000000000000000000000000000000000000000
00000000000000000011110000000000000000000000000000000000000000000000000000000000000000000000000000000000001111000000000000000000
00000000000000001101101100000000000000000000000000000000000000000000000000000000000000000000000000000000110110110000000000000000
00000000000000000000000011000000000000000000000000000000000000000000000000000000000000000000000000000011000000000000000000000000
00000000000000000000000000000000000000000000000000000000000000000000000000000000000000000000000000000000000000000000000000000000
00000000000000000000000000000000000000000000000000000000000000000000000000000000000000000000000000000000000000000000000000000000
00000000000000000000000011110000000000000000000000000000000000000000000000000000000000000000000000001111000000000000000000000000
00000000000000000000000011110000000000000000000000000000000000000000000000000000000000000000000000001111000000000000000000000000
00000000000000000000000000000000000000000000000000000000000000000000000000000000000000000000000000000000000000000000000000000000
00000000000000000000000000000000000000000000000000000000000000000000000000000000000000000000000000000000000000000000000000000000
00000000000000000000000000000000000000000000000000000000000000000000000000000000000000000000000000000000000000000000000000000000
00000000000000000000000000000000000000000000000000000000000000000000000000000000000000000000000000000000000000000000000000000000
00000000000000000000000000000000000000000000000000000000000000000000000000000000000000000000000000000000000000000000000000000000
00000000000000000000000000000000000000000000000000000000000000000000000000000000000000000000000000000000000000000000000000000000
00000000000000000000000000000000000000000000000000000000000000000000000000000000000000000000000000000000000000000000000000000000
00000000000000000000000000000000000000000000000000000000000000000000000000000000000000000000000000000000000000000000000000000000
00000000000000000000000000000000000000000000000000000000000000000000000000000000000000000000000000000000000000000000000000000000
00000000000000000000000000000000000000000000000000000000000000000000000000000000000000000000000000000000000000000000000000000000
00000000000000000000000000000000000000000000000000000000000000000000000000000000000000000000000000000000000000000000000000000000
00000000000000000000000000000000000000000000000000000000000000000000000000000000000000000000000000000000000000000000000000000000
00000000000000000000000000000000000000000000000000000000000000000000000000000000000000000000000000000000000000000000000000000000
00000000000000000000000000000000000000000000000000000000000000000000000000000000000000000000000000000000000000000000000000000000
00000000000000000000000000000000000000000000000000000000000000000000000000000000000000000000000000000000000000000000000000000000
00000000000000000000000000000000000000000000000000000000000000000000000000000000000000000000000000000000000000000000000000000000
00000000000000000000000000000000000000000000000000000000000000000000000000000000000000000000000000000000000000000000000000000000
00000000000000000000000000000000000000000000000000000000000000000000000000000000000000000000000000000000000000000000000000000000
00000000000000000000000000000000000000000000000000000000000000000000000000000000000000000000000000000000000000000000000000000000
00000000000000000000000000000000000000000000000000000000000000000000000000000000000000000000000000000000000000000000000000000000
00110000000000000000000000000000000000000000000000000000000000000000000000000000000000000000000000000000000000000000000000001100
01100000000000000000000000000000000000000000000000000000000000000000000000000000000000000000000000000000000000000000000000000110
00000000000000000000000000000000000000000000000000000000000000000000000000000000000000000000000000000000000000000000000000001100
01100000000000000000000000000000000000000000000000000000000000000000000000000000000000000000000000000000000000000000000000000110
00110000000000000000000000000000000000000000000000000000000000000000000000000000000000000000000000000000000000000000000000000000
01100000000000000000000000000000000000000000000000000000000000000000000000000000000000000000000000000000000000000000000000000110
00110000000000000000000000000000000000000000000000000000000000000000000000000000000000000000000000000000000000000000000000001100
00000000000000000000000000000000000000000000000000000000000000000000000000000000000000000000000000000000000000000000000000000000
00000000000000000000000000000000000000000000000000000000000000000000000000000000000000000000000000000000000000000000000000000000
00000000000000000000000000000000000000000000000000000000000000000000000000000000000000000000000000000000000000000000000000000000
00000000000000000000000000000000000000000000000000000000000000000000000000000000000000000000000000000000000000000000000000000000
00000000000000000000001100000000000000000000000000000000000000000000000000000000000000000000000000000000110000000000000000000000
00000000000000000000110000000000000000000000000000000000000000000000000000000000000000000000000000000000001100000000000000000000
00000000000000000000000000000000000000000000000000000000000000000000000000000000000000000000000000000000000000000000000000000000
00000000000000000000000000000000000000000000000000000000000000000000000000000000000000000000000000000000000000000000000000000000
00000000000000000000000000000000000000000000000000000000000000000000000000000000000000000000000000000000000000000000000000000000
00000000000000000000000000000000000000000000000000000000000000000000000000000000000000000000000000000000000000000000000000000000
00000000000000000000000000000000000000000000000000000000000000000000000000000000000000000000000000000000000000000000000000000000
00000000000000000000000000000000000000000000000000000000000000000000000000000000000000000000000000000000000000000000000000000000
00000000000000000000000000000000000000000000000000000000000000000000000000000000000000000000000000000000000000000000000000000000
00000000000000000000000000000000111100000000000000000000000000000000000000000000000000000000111100000000000000000000000000000000
00000000000000000000000000000000111100000000000000000000000000000000000000000000000000000000111100000000000000000000000000000000
00000000000000000000000000000000000000000000000000000000000000000000000000000000000000000000000000000000000000000000000000000000
00000000000000000000000000000000011000000000000000000000000000000000000000000000000000000000011000000000000000000000000000000000
00000000000000000000000000000000110000000000000000000000000000000000000000000000000000000000001100000000000000000000000000000000
00000000000000000000000000000000000000000000000000000000000000111100000000000000000000000000000000000000000000000000000000000000
00000000000000000000000110001101100000000000000000000000000110111101111000000000000000000000000110110001100000000000000000000000
00000000000000000000000001111110000000000000000000000000011000000000000000000000000000000000000001111110000000000000000000000000
00000000000000000000000000000000000000000000000000000000000000000000011000000000000000000000000000000000000000000000000000000000
00000000000000000000000000000000000000000000000000000000110000000000001100000000000000000000000000000000000000000000000000000000
00000000000000000000000000000000000000000000000000000000011000000000000000000000000000000000000000000000000000000000000000000000
00000000000000000000000000000000000000000000000000000000000000000000000000000000000000000000000000000000000000000000000000000000
00000000000000000000000000000000000000000000000000000000000000000000000000000000000000000000000000000000000000000000000000000000
00110000000000000000000000000000000000000000000000000000000000000000000000000000000000000000000000000000000000000000000000001100
00110000000000000000000000000000000000000000000000000000000000000000000000000000000000000000000000000000000000000000000000001100
01100000000000000000000000000000000000000000000000000000000000000000000000000000000000000000000000000000000000000000000000000110
00000000000000000000000000000000000000000000000000000000000000000000000000000000000000000000000000000000000000000000000000000110
01100000000000000000000000000000000000000000000000000000000000000000000000000000000000000000000000000000000000000000000000000000
00110000000000000000000000000000000000000000000000000000000000000000000000000000000000000000000000000000000000000000000000000110
01100000000000000000000000000000000000000000000000000000000000000000000000000000000000000000000000000000000000000000000000001100
01100000000000000000000000000000000000000000000000000000000000000000000000000000000000000000000000000000000000000000000000000110
00110000000000000000000000000000000000000000000000000000000000000000000000000000000000000000000000000000000000000000000000001100
00000001111000000000000000000000000000000000000000000000000000000000000000000000000000000000000000000000000000000000011110000000
00000001111000000000000000000000000000000000000000000000000000000000000000000000000000000000000000000000000000000000011110000000
00000000000000000000000000000000000000000000000000000000000000000000000000000000000000000000000000000000000000000000000000000000
00000000000000000000000000000000000000000000000000000000000000000000000000000000000000000000000000000000000000000000000000000000
00000000000000000000000000000000000000000000000000000000000000000000000000000000000000000000000000000000000000000000000000000000
00000000000000000000000000000000000000000000000000000000000000000000000000000000000000000000000000000000000000000000000000000000
00000000000000000000000000000000000000000000000000000000000000000000000000000000000000000000000000000000000000000000000000000000
